256
0 240
1 0
2 60
3 36
4 0
5 60
6 52
7 0
8 52
9 0
10 60
11 80
12 0
13 4
14 44
15 0
16 56
17 0
18 88
19 70
20 0
21 80
22 76
23 0
24 52
25 68
26 0
27 64
28 0
29 88
30 80
31 0
32 72
33 40
34 0
35 72
36 36
37 0
38 48
39 64
40 0
41 64
42 48
43 0
44 28
45 76
46 0
47 84
48 76
49 88
50 0
51 80
52 108
53 0
54 52
55 76
56 92
57 0
58 88
59 100
60 100
61 0
62 102
63 0
64 132
65 108
66 0
67 146
68 124
69 168
70 160
71 160
72 0
73 212
74 208
75 180
76 194
77 264
78 214
79 218
80 312
81 222
82 270
83 294
84 278
85 316
86 250
87 524
88 364
89 404
90 366
91 807
92 346
93 592
94 447
95 826
96 869
97 392
98 848
99 863
100 567
101 1705
102 1311
103 2226
104 1841
105 2859
106 4471
107 4377
108 7595
109 7205
110 8958
111 8665
112 9084
113 9083
114 7986
115 9586
116 7841
117 6676
118 6815
119 5711
120 5787
121 3791
122 4031
123 2389
124 1262
125 1798
126 809
127 1141
128 836
129 374
130 532
131 176
132 432
133 192
134 156
135 250
136 112
137 136
138 116
139 102
140 88
141 116
142 100
143 88
144 60
145 108
146 76
147 116
148 88
149 76
150 68
151 92
152 70
153 0
154 44
155 64
156 56
157 0
158 112
159 72
160 76
161 0
162 96
163 52
164 0
165 0
166 32
167 44
168 0
169 48
170 0
171 76
172 28
173 0
174 36
175 36
176 0
177 44
178 0
179 28
180 0
181 20
182 52
183 0
184 20
185 0
186 32
187 0
188 12
189 0
190 20
191 0
192 12
193 0
194 12
195 0
196 12
197 0
198 20
199 0
200 4
201 0
202 28
203 0
204 8
205 0
206 0
207 0
208 0
209 16
210 0
211 8
212 0
213 12
214 0
215 0
216 12
217 0
218 20
219 0
220 28
221 0
222 0
223 20
224 0
225 12
226 0
227 0
228 36
229 0
230 48
231 0
232 0
233 24
234 0
235 24
236 0
237 36
238 0
239 0
240 24
241 0
242 16
243 0
244 0
245 12
246 0
247 16
248 0
249 0
250 4
251 0
252 0
253 0
254 0
255 4
256
0 240
1 0
2 60
3 36
4 0
5 60
6 52
7 0
8 52
9 0
10 60
11 80
12 0
13 4
14 44
15 0
16 56
17 0
18 88
19 72
20 0
21 80
22 76
23 0
24 52
25 68
26 0
27 64
28 0
29 88
30 80
31 0
32 72
33 40
34 0
35 72
36 36
37 0
38 48
39 64
40 0
41 64
42 48
43 0
44 28
45 76
46 0
47 84
48 76
49 88
50 0
51 80
52 108
53 0
54 52
55 76
56 92
57 0
58 88
59 100
60 100
61 0
62 102
63 0
64 132
65 108
66 0
67 146
68 124
69 168
70 160
71 160
72 0
73 212
74 208
75 180
76 194
77 264
78 214
79 218
80 312
81 222
82 270
83 294
84 278
85 316
86 250
87 524
88 364
89 405
90 366
91 807
92 346
93 592
94 447
95 828
96 870
97 392
98 847
99 864
100 569
101 1711
102 1315
103 2238
104 1850
105 2872
106 4481
107 4405
108 7673
109 7257
110 9042
111 8769
112 9215
113 9110
114 8018
115 9711
116 7896
117 6735
118 6872
119 5750
120 5803
121 3805
122 4028
123 2401
124 1264
125 1802
126 810
127 1140
128 836
129 374
130 532
131 176
132 432
133 192
134 156
135 250
136 112
137 136
138 116
139 102
140 88
141 116
142 100
143 88
144 60
145 108
146 76
147 116
148 88
149 76
150 68
151 92
152 70
153 0
154 44
155 64
156 56
157 0
158 112
159 72
160 76
161 0
162 96
163 52
164 0
165 0
166 32
167 44
168 0
169 48
170 0
171 76
172 28
173 0
174 36
175 36
176 0
177 44
178 0
179 28
180 0
181 20
182 52
183 0
184 20
185 0
186 32
187 0
188 12
189 0
190 20
191 0
192 12
193 0
194 12
195 0
196 12
197 0
198 20
199 0
200 4
201 0
202 28
203 0
204 8
205 0
206 0
207 0
208 0
209 16
210 0
211 8
212 0
213 12
214 0
215 0
216 12
217 0
218 20
219 0
220 28
221 0
222 0
223 20
224 0
225 12
226 0
227 0
228 36
229 0
230 48
231 0
232 0
233 24
234 0
235 24
236 0
237 36
238 0
239 0
240 24
241 0
242 16
243 0
244 0
245 12
246 0
247 16
248 0
249 0
250 4
251 0
252 0
253 0
254 0
255 4
256
0 240
1 0
2 60
3 36
4 0
5 60
6 52
7 0
8 52
9 0
10 60
11 80
12 0
13 4
14 44
15 0
16 56
17 0
18 88
19 72
20 0
21 80
22 76
23 0
24 52
25 68
26 0
27 64
28 0
29 88
30 80
31 0
32 72
33 40
34 0
35 72
36 36
37 0
38 48
39 64
40 0
41 64
42 48
43 0
44 28
45 76
46 0
47 84
48 76
49 88
50 0
51 80
52 108
53 0
54 52
55 76
56 92
57 0
58 88
59 100
60 100
61 0
62 102
63 0
64 132
65 108
66 0
67 146
68 124
69 168
70 160
71 160
72 0
73 212
74 208
75 180
76 194
77 264
78 214
79 219
80 312
81 222
82 272
83 294
84 278
85 316
86 250
87 524
88 364
89 405
90 366
91 807
92 346
93 592
94 447
95 830
96 868
97 393
98 849
99 864
100 569
101 1710
102 1315
103 2243
104 1857
105 2882
106 4500
107 4416
108 7755
109 7315
110 9137
111 8846
112 9322
113 9214
114 8124
115 9772
116 7957
117 6824
118 6903
119 5784
120 5842
121 3821
122 4059
123 2402
124 1264
125 1809
126 810
127 1140
128 838
129 374
130 532
131 176
132 432
133 192
134 156
135 252
136 112
137 136
138 116
139 102
140 88
141 116
142 100
143 88
144 60
145 108
146 76
147 116
148 88
149 76
150 68
151 92
152 70
153 0
154 44
155 64
156 56
157 0
158 112
159 72
160 76
161 0
162 96
163 52
164 0
165 0
166 32
167 44
168 0
169 48
170 0
171 76
172 28
173 0
174 36
175 36
176 0
177 44
178 0
179 28
180 0
181 20
182 52
183 0
184 20
185 0
186 32
187 0
188 12
189 0
190 20
191 0
192 12
193 0
194 12
195 0
196 12
197 0
198 20
199 0
200 4
201 0
202 28
203 0
204 8
205 0
206 0
207 0
208 0
209 16
210 0
211 8
212 0
213 12
214 0
215 0
216 12
217 0
218 20
219 0
220 28
221 0
222 0
223 20
224 0
225 12
226 0
227 0
228 36
229 0
230 48
231 0
232 0
233 24
234 0
235 24
236 0
237 36
238 0
239 0
240 24
241 0
242 16
243 0
244 0
245 12
246 0
247 16
248 0
249 0
250 4
251 0
252 0
253 0
254 0
255 4
